Тестовий випадок 1: Випадковий граф
Матриця суміжності:
0 0 0 0 0 0 8 4 
0 0 3 0 0 9 0 7 
0 3 0 0 4 0 4 0 
0 0 0 0 0 5 10 4 
0 0 4 0 0 0 0 0 
0 9 0 5 0 0 0 3 
8 0 4 10 0 0 0 5 
4 7 0 4 0 3 5 0 
Мінімальне остовне дерево (алгоритм Прима):
Граф є зв'язним.
Ребро 	Вага
2 - 1	3
6 - 2	4
7 - 3	4
2 - 4	4
7 - 5	3
7 - 6	5
0 - 7	4
Загальна вага MST: 27

Тестовий випадок 2: Зв'язний граф
Матриця суміжності:
0 4 9 0 0 10 0 0 
4 0 0 0 8 0 0 0 
9 0 0 3 1 0 10 0 
0 0 3 0 8 0 10 5 
0 8 1 8 0 0 0 0 
10 0 0 0 0 0 5 6 
0 0 10 10 0 5 0 0 
0 0 0 5 0 6 0 0 
Мінімальне остовне дерево (алгоритм Прима):
Граф є зв'язним.
Ребро 	Вага
0 - 1	4
4 - 2	1
2 - 3	3
1 - 4	8
7 - 5	6
5 - 6	5
3 - 7	5
Загальна вага MST: 32

Тестовий випадок 3: Незв'язний граф
Матриця суміжності:
0 9 6 10 0 0 0 0 
9 0 1 4 0 0 0 0 
6 1 0 1 0 0 0 0 
10 4 1 0 0 0 0 0 
0 0 0 0 0 3 6 2 
0 0 0 0 3 0 7 8 
0 0 0 0 6 7 0 10 
0 0 0 0 2 8 10 0 
Мінімальне остовне дерево (алгоритм Прима):
Граф є незв'язним.
Компонента 1:
Вершини: 0 2 
Компонента 2:
Вершини: 1 2 
Компонента 3:
Вершини: 2 3 
Компонента 4:
Вершини: 
Компонента 5:
Вершини: 
Компонента 6:
Вершини: 
Компонента 7:
Вершини: 
Ребро 	Вага
2 - 1	1
0 - 2	6
2 - 3	1
Загальна вага MST: 8
