Тестовий випадок 1: Випадковий граф
Матриця суміжності:
0 0 0 0 0 0 2 4 
0 0 6 0 0 7 8 5 
0 6 0 7 0 10 0 0 
0 0 7 0 7 7 0 0 
0 0 0 7 0 10 0 3 
0 7 10 7 10 0 0 0 
2 8 0 0 0 0 0 0 
4 5 0 0 3 0 0 0 
Мінімальне остовне дерево (алгоритм Прима):
Граф є зв'язним.
Ребро 	Вага
7 - 1	5
1 - 2	6
4 - 3	7
7 - 4	3
1 - 5	7
0 - 6	2
0 - 7	4
Загальна вага MST: 34

Тестовий випадок 2: Зв'язний граф
Матриця суміжності:
0 2 0 1 0 0 0 5 
2 0 9 0 0 0 9 3 
0 9 0 6 0 0 5 0 
1 0 6 0 6 1 7 0 
0 0 0 6 0 0 0 0 
0 0 0 1 0 0 0 4 
0 9 5 7 0 0 0 0 
5 3 0 0 0 4 0 0 
Мінімальне остовне дерево (алгоритм Прима):
Граф є зв'язним.
Ребро 	Вага
0 - 1	2
3 - 2	6
0 - 3	1
3 - 4	6
3 - 5	1
2 - 6	5
1 - 7	3
Загальна вага MST: 24

Тестовий випадок 3: Незв'язний граф
Матриця суміжності:
0 7 10 4 0 0 0 0 
7 0 2 9 0 0 0 0 
10 2 0 2 0 0 0 0 
4 9 2 0 0 0 0 0 
0 0 0 0 0 4 9 5 
0 0 0 0 4 0 9 1 
0 0 0 0 9 9 0 6 
0 0 0 0 5 1 6 0 
Мінімальне остовне дерево (алгоритм Прима):
Граф є незв'язним.
Кількість компонент зв'язності: 2
Компонента 1:
Вершини: 0 1 2 3 
MST для компоненти:
2 - 1	2
3 - 2	2
0 - 3	4
Загальна вага компоненти MST: 8
Компонента 2:
Вершини: 4 5 6 7 
MST для компоненти:
4 - 5	4
7 - 6	6
5 - 7	1
Загальна вага компоненти MST: 11
